,A_52_P118356,A_52_P506920,A_51_P155514,A_51_P265444,A_51_P265822,A_52_P255458,A_51_P152602,A_52_P779070,A_51_P200930,A_52_P565496,A_51_P386802,A_51_P469568,A_52_P545273,A_51_P432229,A_51_P471458,A_51_P315466,A_51_P169588,A_51_P416108,A_51_P513598,A_51_P421177,A_51_P110914,A_51_P267843,A_51_P154882,A_51_P489608,A_52_P518257,A_52_P387837,A_52_P301602,A_51_P213260,A_51_P423290,A_51_P235619,A_52_P294663,A_51_P135920,A_52_P385526,A_51_P131069,A_52_P107890,A_51_P326826
0,6.19453,6.545916,4.416628,4.505516,2.6189310000000003,5.042486,3.202751,3.571099,5.375413,2.618662,5.642411,4.324313,2.61261,4.870119,6.173006,5.472517,5.432251,4.352208999999998,5.585136,2.721879,6.653562,5.579001,4.489187,5.235052,2.977002,3.335286,5.38684,2.815644,5.727272,2.736533,5.760777,2.802069,2.8638060000000003,5.693906,3.342394,5.953542
1,4.107539,5.544442,5.294723,4.622636,2.637732,5.929663,5.151344,4.736483,5.265428,2.646224,5.068642,6.0872410000000015,6.926131,6.9395050000000005,6.62165,5.041359,4.9395690000000005,4.180608,5.5545620000000016,3.799401,3.815002,3.907606,6.525845,5.301177,2.735406,2.658732,4.65677,2.669629,2.852869,2.854689,4.253711,2.885838,3.201421,3.232994,3.266429,10.276587
2,5.3567860000000005,4.747124,4.562109,5.962299,2.6520490000000003,2.653811,6.249232,2.7910630000000003,4.435792,2.65628,2.766858,5.022517,6.29098,7.636249,17.76918,14.146737,17.191578,4.672905,4.68566,6.685051,5.089722,3.327986,4.807161,4.337772,2.76716,2.700713,6.528554,2.693294,4.688871,2.875456,6.421569,4.3912330000000015,3.385027,4.662312,3.606307,11.450621
3,3.797988,5.059654,3.484633,4.160647,3.010224,4.225599,3.5480440000000004,2.831789,4.109568,2.628533,4.690425,3.626309,2.606436,3.654721,6.116724,3.3888870000000004,4.824376,5.251355,4.1225830000000006,2.71595,6.251034,6.314388,4.617272,7.6711649999999985,2.65465,3.064267,4.3398629999999985,2.634981,3.06399,2.72027,4.217502,3.939872,17.399656,15.739473,14.113751,11.070911
4,4.1338050000000015,5.208323,5.205838,5.3983050000000015,2.643619,6.167079,2.735007,4.2137720000000005,4.783418,2.647292,4.1241010000000005,3.84859,2.611534,5.084588,6.479965,3.81675,5.33691,5.315757,4.817313,2.782578,3.488815,2.6418470000000003,3.946557,4.759445,7.7727559999999984,2.65056,3.94462,2.667193,6.102787,3.459973,6.60164,4.658196,3.087302,3.667749,3.340778,5.8004190000000015
5,3.661655,4.583977,6.137885,3.286685,2.635194,4.270593,4.492380000000002,2.749728,4.642075,3.116937,7.677775,7.263205,3.333328,7.304705,5.473967,4.825341000000001,5.265104,7.360746000000002,4.562722,6.781917999999999,4.7047919999999985,4.206791,4.555193,3.803629,7.3777339999999985,3.341586,4.0507589999999984,2.65694,6.779998,4.3996900000000005,6.273812,3.261891,2.969349,3.4333400000000003,3.437097,5.034252
6,2.83393,4.552269,4.342708,3.00371,3.876034,3.541949,2.690073,2.766335,4.644122,6.299576,3.252741,3.946887,2.61261,4.874445,6.143127,3.726797,4.935014,2.646886,4.6204160000000005,2.757044,3.791671,2.63595,3.835537,3.906972,2.692007,6.99202,4.291653,7.897305,3.3269519999999995,2.7751,4.288089,5.804633,2.937581,3.980614,2.946425,13.016562
7,2.930148,4.132979,5.587203,2.68079,5.2856809999999985,2.645121,2.711701,5.024821,3.583188,2.629284,3.882419,2.620988,2.623729,3.814632,5.9378410000000015,2.674196,4.860821,2.656121,4.039433,2.77998,3.972485,3.194382,3.664932,4.008117,2.7189970000000003,3.900962,2.652679,2.705935,2.818211,5.7874370000000015,3.820484,4.180201,3.278074,3.737766,3.3144,9.093616
8,2.957323,2.8624240000000003,7.873945,2.734418,2.662828,2.671912,2.7919,6.371493,2.6941330000000003,2.668387,2.782167,2.626169,2.617309,4.724216,5.38684,2.656816,5.085925,4.140807,2.691183,2.837985,2.851979,2.643995,2.864114,5.043759,2.726229,7.547339999999998,2.650454,2.677632,2.865118,4.571706,4.502868,4.404641000000002,3.493072,3.493611,3.383281,10.809365
9,2.89387,3.6007230000000003,2.724933,3.617351,5.620174,3.840603,3.010224,5.416747,2.677632,2.647045,2.738285,3.124666,2.614486,2.688243,5.893703,2.652892,4.877017,3.775054,2.687405,2.810231,2.823343,2.640728,2.832434,2.76552,2.719714,2.650701,2.644989,6.356424,2.833079,3.959158,3.631557,7.445489,3.185619,3.187335,3.182617,11.629826
10,3.384833,3.78758,10.016966,2.658494,4.162211,3.654363,2.63225,6.609829,2.718303,5.8495,3.289614,4.020559,2.613964,3.635133,5.713801,3.452523,4.916737,3.75292,2.995366,2.747426,3.341381,2.643203,3.3176360000000003,2.749137,2.727037,3.535745,2.651056,3.462177,4.227967,5.594532,2.837574,6.106674,3.009268,3.3012269999999995,3.363607,9.140836
11,2.967021,2.83878,11.099341,3.825625,3.531213,2.672002,2.704189,5.116134,2.72812,6.912622,2.68079,4.053582,2.61245,3.623721,6.147976,2.649591,4.824013,4.358161,2.698637,2.796789,3.342394,2.626269,2.821791,2.812148,2.761772,2.639934,2.632527,2.658697,2.855127,6.013066,2.725143,4.963259,3.384518,3.392218,3.3084910000000005,10.754252
